-6.8116114184292345
-6.245215943508433
-7.148083655050447
-6.860401582598667
-6.027492459663563
-6.300785794663244
-6.678080025804712
-8.246695943718558
-6.965762098256493
-9.162986675592713
-8.757521567484549
-5.984932845244766
-9.856133856152658
-7.217076526537399
-8.246695943718558
-6.14256178944835
-6.454936474490502
-6.218547696426272
-6.218547696426272
-6.560296990148329
-6.027492459663563
-7.083545133912876
-6.560296990148329
-6.272614917696548
-7.291184498691121
-6.598037318131175
-5.964313558042031
-6.965762098256493
-7.371227206364657
-9.856133856152658
-6.049471366382338
-7.458238583354287
-6.0719442222343964
-6.860401582598667
-6.678080025804712
-6.454936474490502
-6.0719442222343964
-6.359626294686177
-7.658909278816439
-6.272614917696548
-6.860401582598667
-7.022920512096442
-6.0719442222343964
-6.390397953352931
-5.964313558042031
-6.272614917696548
-8.757521567484549
-6.094933740459095
-6.167254402038721
-7.217076526537399
-7.458238583354287
-8.757521567484549
-6.218547696426272
-6.329773331536496
-6.245215943508433
-6.8116114184292345
-7.553548763158612
-6.359626294686177
-8.064374386924603
-9.856133856152658
-5.984932845244766
-7.371227206364657
-7.217076526537399
-7.022920512096442
-6.14256178944835
-6.329773331536496
-5.984932845244766
-6.390397953352931
-7.458238583354287
-6.049471366382338
-6.765091402794342
-7.9102237070973445
-6.329773331536496
-6.422146651667512
-7.217076526537399
-9.856133856152658
-6.560296990148329
-7.553548763158612
-6.765091402794342
-8.469839495032767
-6.118464237869289
-7.371227206364657
-8.246695943718558
-6.390397953352931
-5.9441108507245115
-6.488838026166184
-6.488838026166184
-6.300785794663244
-8.064374386924603
-8.757521567484549
-6.094933740459095
-6.0059862544425995
-8.757521567484549
-7.022920512096442
-8.246695943718558
-6.359626294686177
-6.422146651667512
-6.678080025804712
-6.14256178944835
-6.488838026166184
-6.422146651667512
-9.856133856152658
-8.064374386924603
-6.329773331536496
-7.658909278816439
-5.984932845244766
-6.329773331536496
-7.553548763158612
-6.359626294686177
-6.049471366382338
-6.488838026166184
-6.678080025804712
-6.359626294686177
-7.658909278816439
-6.965762098256493
-6.272614917696548
-6.14256178944835
-5.964313558042031
-6.678080025804712
-6.720639640223508
-5.9441108507245115
-6.422146651667512
-6.118464237869289
-5.984932845244766
-7.291184498691121
-6.272614917696548
-6.860401582598667
-6.637258031284457
-8.469839495032767
-6.118464237869289
-6.560296990148329
-6.359626294686177
-6.390397953352931
-6.0059862544425995
-6.765091402794342
-6.637258031284457
-8.064374386924603
-7.658909278816439
-6.8116114184292345
-6.523929345977454
-7.458238583354287
-7.553548763158612
-8.757521567484549
-6.0059862544425995
-7.371227206364657
-6.860401582598667
-6.0719442222343964
-6.560296990148329
-7.776692314472822
-5.984932845244766
-6.0059862544425995
-6.245215943508433
-6.192572210023012
-6.0719442222343964
-6.8116114184292345
-5.9441108507245115
-8.246695943718558
-6.118464237869289
-6.8116114184292345
-6.860401582598667
-5.984932845244766
-7.458238583354287
-6.390397953352931
-6.454936474490502
-6.637258031284457
-6.911694876986218
-9.162986675592713
-6.329773331536496
-5.964313558042031
-6.272614917696548
-6.637258031284457
-7.553548763158612
-6.523929345977454
-6.560296990148329
-6.678080025804712
-7.291184498691121
-6.422146651667512
-6.118464237869289
-6.192572210023012
-7.458238583354287
-6.488838026166184
-7.217076526537399
-6.245215943508433
-9.856133856152658
-6.027492459663563
-6.422146651667512
-6.027492459663563
-7.217076526537399
-7.148083655050447
-7.658909278816439
-5.9441108507245115
-6.245215943508433
-7.371227206364657
-6.765091402794342
-6.965762098256493
-6.637258031284457
-7.658909278816439
-6.245215943508433
-6.245215943508433
-6.390397953352931
-7.658909278816439
-6.14256178944835
-6.560296990148329
-6.598037318131175
-6.637258031284457
-7.022920512096442
-6.094933740459095
-7.776692314472822
-7.458238583354287
-9.162986675592713
-6.14256178944835
-6.192572210023012
-7.553548763158612
-7.022920512096442
-7.217076526537399
-7.022920512096442
-6.422146651667512
-7.148083655050447
-5.9441108507245115
-7.9102237070973445
-8.246695943718558
-6.329773331536496
-6.598037318131175
-6.860401582598667
-7.553548763158612
-5.9441108507245115
-7.217076526537399
-6.765091402794342
-6.272614917696548
-6.911694876986218
-7.776692314472822
-6.860401582598667
-6.359626294686177
-6.720639640223508
-6.0059862544425995
-6.192572210023012
-7.148083655050447
-6.678080025804712
-7.022920512096442
-7.371227206364657
-7.553548763158612
-6.218547696426272
-7.291184498691121
-5.9441108507245115
-6.272614917696548
-6.720639640223508
-6.0059862544425995
-7.022920512096442
-6.488838026166184
-6.965762098256493
-6.094933740459095
-6.678080025804712
-6.454936474490502
-6.359626294686177
-5.9441108507245115
-6.245215943508433
-6.965762098256493
-6.329773331536496
-6.965762098256493
-6.300785794663244
-5.9441108507245115
-6.245215943508433
-7.658909278816439
-6.765091402794342
-7.458238583354287
-9.162986675592713
-6.094933740459095
-6.192572210023012
-7.371227206364657
-7.022920512096442
-6.523929345977454
-7.083545133912876
-6.8116114184292345
-7.291184498691121
-6.0059862544425995
-6.598037318131175
-9.856133856152658
-6.911694876986218
-6.637258031284457
-6.245215943508433
-6.560296990148329
-6.965762098256493
-7.9102237070973445
-7.217076526537399
-6.390397953352931
-5.964313558042031
-6.8116114184292345
-8.246695943718558
-6.0719442222343964
-5.964313558042031
-7.371227206364657
-6.720639640223508
-6.8116114184292345
-6.192572210023012
-6.598037318131175
-6.765091402794342
-6.027492459663563
-6.965762098256493
-6.422146651667512
-6.598037318131175
-6.598037318131175
-6.598037318131175
-7.217076526537399
-8.469839495032767
-8.757521567484549
-7.022920512096442
-6.560296990148329
-8.246695943718558
-8.469839495032767
-8.064374386924603
-6.359626294686177
-6.218547696426272
-7.553548763158612
-5.984932845244766
-7.658909278816439
-7.9102237070973445
-7.148083655050447
-6.218547696426272
-8.064374386924603
-8.757521567484549
-6.218547696426272
-6.218547696426272
-6.860401582598667
-7.291184498691121
-6.118464237869289
-9.162986675592713
-7.217076526537399
-6.637258031284457
-7.291184498691121
-6.965762098256493
-7.217076526537399
-6.720639640223508
-7.022920512096442
-6.598037318131175
-6.329773331536496
-7.458238583354287
-6.911694876986218
-7.658909278816439
-7.9102237070973445
-6.454936474490502
-6.300785794663244
-7.776692314472822
-6.167254402038721
-6.454936474490502
-5.9441108507245115
-6.118464237869289
-6.488838026166184
-6.094933740459095
-6.965762098256493
-6.965762098256493
-6.218547696426272
-5.964313558042031
-8.064374386924603
-7.083545133912876
-6.272614917696548
-7.458238583354287
-6.094933740459095
-9.162986675592713
-6.359626294686177
-8.064374386924603
-7.9102237070973445
-6.637258031284457
-7.553548763158612
-6.0059862544425995
-6.765091402794342
-6.8116114184292345
-6.218547696426272
-6.678080025804712
-7.217076526537399
-6.300785794663244
-7.458238583354287
-7.658909278816439
-6.765091402794342
-6.329773331536496
-6.911694876986218
-8.064374386924603
-7.458238583354287
-7.9102237070973445
-7.9102237070973445
-8.246695943718558
-6.245215943508433
-6.027492459663563
-6.118464237869289
-6.454936474490502
-6.329773331536496
-7.217076526537399
-6.8116114184292345
-6.560296990148329
-6.598037318131175
-6.454936474490502
-9.162986675592713
-5.984932845244766
-6.167254402038721
-6.359626294686177
-6.218547696426272
-6.390397953352931
-8.469839495032767
-9.856133856152658
-6.245215943508433
-6.359626294686177
-7.553548763158612
-6.027492459663563
-6.329773331536496
-6.390397953352931
-6.167254402038721
-7.083545133912876
-9.856133856152658
-6.359626294686177
-7.9102237070973445
-7.217076526537399
-6.560296990148329
-6.300785794663244
-5.984932845244766
-6.965762098256493
-7.217076526537399
-6.8116114184292345
-7.083545133912876
-6.8116114184292345
-6.192572210023012
-5.984932845244766
-7.083545133912876
-6.720639640223508
-7.371227206364657
-7.9102237070973445
-6.765091402794342
-6.598037318131175
-7.148083655050447
-6.678080025804712
-7.553548763158612
-6.027492459663563
-7.217076526537399
-7.9102237070973445
-6.454936474490502
-6.390397953352931
-7.217076526537399
-6.192572210023012
-6.488838026166184
-7.776692314472822
-7.371227206364657
-6.0059862544425995
-7.658909278816439
-7.9102237070973445
-6.245215943508433
-6.720639640223508
-7.083545133912876
-6.637258031284457
-6.720639640223508
-6.390397953352931
-6.637258031284457
-6.329773331536496
-7.776692314472822
-6.300785794663244
-6.049471366382338
-7.9102237070973445
-6.911694876986218
-6.8116114184292345
-8.757521567484549
-8.757521567484549
-7.371227206364657
-6.0719442222343964
-6.272614917696548
-5.984932845244766
-6.192572210023012
-6.560296990148329
-6.272614917696548
-6.598037318131175
-7.148083655050447
-7.083545133912876
-5.964313558042031
-6.049471366382338
-6.911694876986218
-6.300785794663244
-6.911694876986218
-6.637258031284457
-6.560296990148329
-6.329773331536496
-7.9102237070973445
-6.14256178944835
-6.0719442222343964
-6.422146651667512
-6.0059862544425995
-6.167254402038721
-6.390397953352931
-5.984932845244766
-6.488838026166184
-8.757521567484549
-6.0719442222343964
-6.245215943508433
-6.167254402038721
-6.272614917696548
-7.371227206364657
-8.469839495032767
-9.162986675592713
-6.637258031284457
-6.359626294686177
-6.14256178944835
-7.458238583354287
-5.984932845244766
-6.720639640223508
-6.027492459663563
-7.083545133912876
-6.488838026166184
-6.359626294686177
-6.860401582598667
-6.192572210023012
-6.118464237869289
-6.049471366382338
-6.523929345977454
-6.192572210023012
-6.390397953352931
-6.218547696426272
-6.0059862544425995
-6.598037318131175
-7.371227206364657
-8.246695943718558
-7.458238583354287
-6.218547696426272
-6.523929345977454
-6.094933740459095
-9.162986675592713
-7.458238583354287
-7.291184498691121
-6.637258031284457
-6.272614917696548
-6.329773331536496
-7.148083655050447
-7.291184498691121
-6.245215943508433
-6.218547696426272
-6.488838026166184
-7.458238583354287
-9.162986675592713
-5.984932845244766
-8.246695943718558
-7.083545133912876
-6.167254402038721
-9.162986675592713
-6.911694876986218
-9.162986675592713
-8.757521567484549
-5.964313558042031
-6.390397953352931
-7.371227206364657
-9.856133856152658
-6.422146651667512
-5.984932845244766
-6.0059862544425995
-8.757521567484549
-6.14256178944835
-6.390397953352931
-6.390397953352931
-5.984932845244766
-6.329773331536496
-7.658909278816439
-7.217076526537399
-6.245215943508433
-8.757521567484549
-5.9441108507245115
-7.217076526537399
-6.454936474490502
-6.300785794663244
-6.0719442222343964
-7.658909278816439
-6.359626294686177
-6.860401582598667
-6.560296990148329
-6.359626294686177
-6.359626294686177
-7.9102237070973445
-6.0059862544425995
-6.118464237869289
-7.9102237070973445
-6.720639640223508
-6.218547696426272
-6.965762098256493
-7.658909278816439
-7.022920512096442
-8.246695943718558
-7.022920512096442
-6.329773331536496
-7.083545133912876
-6.911694876986218
-7.658909278816439
-8.246695943718558
-7.217076526537399
-6.329773331536496
-6.488838026166184
-6.454936474490502
-6.488838026166184
-6.598037318131175
-6.359626294686177
-9.856133856152658
-6.359626294686177
-6.167254402038721
-6.167254402038721
-6.118464237869289
-6.192572210023012
-6.488838026166184
-6.454936474490502
-9.162986675592713
-7.371227206364657
-6.720639640223508
-6.560296990148329
-6.167254402038721
-7.458238583354287
-6.598037318131175
-6.637258031284457
-6.272614917696548
-6.598037318131175
-6.300785794663244
-6.245215943508433
-6.167254402038721
-7.022920512096442
-6.245215943508433
-8.469839495032767
-7.371227206364657
-6.0719442222343964
-7.022920512096442
-6.027492459663563
-6.359626294686177
-6.118464237869289
-6.359626294686177
-6.300785794663244
-6.329773331536496
-7.9102237070973445
-5.984932845244766
-6.637258031284457
-7.291184498691121
-6.167254402038721
-6.049471366382338
-6.422146651667512
-6.218547696426272
-6.598037318131175
-6.678080025804712
-5.964313558042031
-8.064374386924603
-9.856133856152658
-6.094933740459095
-6.027492459663563
-6.359626294686177
-7.658909278816439
-6.637258031284457
-7.148083655050447
-6.272614917696548
-6.422146651667512
-6.027492459663563
-6.523929345977454
-6.329773331536496
-6.300785794663244
-7.776692314472822
-8.064374386924603
-6.218547696426272
-6.0059862544425995
-6.049471366382338
-9.856133856152658
-6.637258031284457
-8.064374386924603
-6.245215943508433
-6.027492459663563
-6.678080025804712
-6.167254402038721
-6.560296990148329
-6.329773331536496
-6.0059862544425995
-7.217076526537399
-6.720639640223508
-8.469839495032767
-7.217076526537399
-6.637258031284457
-6.911694876986218
-6.454936474490502
-7.083545133912876
-8.757521567484549
-6.720639640223508
-6.8116114184292345
-6.911694876986218
-6.0719442222343964
-6.965762098256493
-7.291184498691121
-7.553548763158612
-7.022920512096442
-6.390397953352931
-6.359626294686177
-7.371227206364657
-6.118464237869289
-6.965762098256493
-6.560296990148329
-8.246695943718558
-6.454936474490502
-6.027492459663563
-6.637258031284457
-7.371227206364657
-8.469839495032767
-6.14256178944835
-7.022920512096442
-7.9102237070973445
-8.757521567484549
-6.049471366382338
-6.192572210023012
-5.9441108507245115
-6.678080025804712
-6.390397953352931
-8.064374386924603
-8.246695943718558
-6.192572210023012
-6.678080025804712
-7.9102237070973445
-6.488838026166184
-6.965762098256493
-9.856133856152658
-6.027492459663563
-6.523929345977454
-6.094933740459095
-6.14256178944835
-6.523929345977454
-5.964313558042031
-6.560296990148329
-6.14256178944835
-6.965762098256493
-6.359626294686177
-7.553548763158612
-7.458238583354287
-7.291184498691121
-6.300785794663244
-6.359626294686177
-9.856133856152658
-6.560296990148329
-6.192572210023012
-6.0719442222343964
-6.678080025804712
-6.454936474490502
-7.776692314472822
-6.0059862544425995
-6.523929345977454
-9.162986675592713
-8.757521567484549
-6.422146651667512
-9.856133856152658
-6.118464237869289
-6.965762098256493
-5.9441108507245115
-6.488838026166184
-6.329773331536496
-6.118464237869289
-6.454936474490502
-6.454936474490502
-6.027492459663563
-6.049471366382338
